771102
771103
771721
764634
760779
764638
764635
764636
764637
764640
764639
761297
768303
768304
770997
770998
771307
770999
771000
771002
771003
771308
771004
771005
771006
771408
758835
758834
758830
758829
758828
758827
771105
758826
758825
771104
768699
768700
766868
768701
758613
758819
766869
769585
769586
768702
771400
768727
768728
768729
771007
771013
771008
771014
771009
771015
771010
771016
771011
771012
771394
771395
771396
771397
764650
764652
764653
764654
765686
765687
764651
764655
758675
768703
771385
771399
764657
764656
764658
764659
765887
764660
765689
765688
758669
768704
771393
771493
771494
768374
768375
768718
771026
771027
771028
771029
771030
771031
771032
771033
771034
771035
771036
771037
771390
771391
771392
768316
768317
768705
771038
771039
771040
771041
771042
771043
771044
771045
771046
771047
771048
771049
771106
771386
771899
771912
764544
760791
760790
771050
771051
771052
771053
771054
771055
771056
771057
771058
771059
771107
771388
771389
764667
764668
766043
768805
768806
771060
771061
771062
771063
769662
769663
771064
771065
771066
771067
771759
768768
768769
771072
771073
771074
771075
771076
771077
768797
771068
771069
768800
771070
771071
771402
771403
770547
764642
764643
764644
764645
764646
764647
764641
764649
761236
761224
761223
761222
761204
761210
761209
761208
761207
761206
761205
766965
766844
766960
766961
766962
766963
764558
758206
758205
764559
758204
758203
761269
759171
758231
766656
768819
764560
761805
770101
770079
770081
770082
770083
764564
764563
766964
766966
766967
766968
766969
766970
766971
766972
766973
764648
758871
767058
767132
771228
758611
758228
758227
758226
770836
770858
768816
768815
770784
771923
769075
759108
770861
768814
764691
768818
766766
766815
768821
770783
766675
761170
761215
765836
766065
764687
764686
761160
768811
758222
758221
758218
770468
770859
758631
771025
764692
767165
766667
766725
765900
761360
768340
768341
771078
771079
771080
771081
771082
771083
765856
770910
770916
770917
770918
770920
770915
770921
770923
770924
770926
771310
768348
771017
771018
771019
771020
768349
771021
771022
771023
771024
771270
771272
771271
758639
770936
764673
765855
766676
767033
770756
764690
766814
764695
761044
764696
764697
764698
758108
771883
761162
761161
770761
767057
760848
764688
764705
764693
770759
768812
766128
765774
765209
764701
769827
770544
764702
769828
770545
764704
767947
764567
764565
764570
764571
764566
771306
764569
764561
764568
765901
765864
767178
767179
759168
758610
771489
770939
770940
770941
770942
770943
770944
771286
770945
770946
770947
770948
771285
770949
770950
770951
771398
764572
765943
769623
760825
764575
764576
765717
764573
764574
758686
758688
758689
758687
758609
769838
764577
765944
758719
758718
758717
758716
758715
758714
758685
758182
767905
767906
767907
771492
764580
764581
766018
770036
764583
758768
758767
770952
770953
770954
770955
770956
770957
770958
770959
758645
770960
758743
770961
770962
770963
771490
771491
758804
758803
770964
770965
770966
770967
770968
770969
770970
770971
758794
770972
768281
770973
770974
770975
758792
758791
770977
770978
770979
770980
770981
770982
770983
770984
768299
770985
770986
771281
764594
765684
764593
764592
764591
764595
764596
764597
758199
758200
767183
767184
759167
771387
764601
764602
769822
764604
764605
764606
764603
764607
765719
758202
758201
758684
758683
758682
771384
764618
764619
758643
758708
758707
770987
770988
770989
770990
770991
770992
770993
770994
771100
758618
770995
770996
